TRAINING:
	 Accuracy = 0.7951219512195122
	 IOU = 0.5321721056439825
TESTING:
	 Accuracy = 0.7916666666666666
	 IOU = 0.49496965156554573
